ABORT|0|0|16711680
ABSOLUTE|0|0|32768
ACCESS|0|0|11998061
ACTION|0|0|11998061
ADD|0|0|16711680
AFTER|0|0|32768
AGGREGATE|0|0|255
ALL|0|0|11998061
ALTER|0|0|16711680
ANALYSE|0|0|16711680
ANALYZE|0|0|16711680
AND|0|0|32768
ANY|0|0|255
AS|0|0|11998061
ASC|0|0|32768
ASSERTION|0|0|255
ASSIGNMENT|0|0|11998061
AT|0|0|32768
AUTHORIZATION|0|0|11998061
BACKWARD|0|0|16711680
BEFORE|0|0|32768
BEGIN|0|0|16711680
BETWEEN|0|0|32768
BIGINT|0|0|255
BINARY|0|0|255
BIT|0|0|255
BOOLEAN|0|0|255
BOTH|0|0|255
BY|0|0|32768
CACHE|0|0|11998061
CALLED|0|0|11998061
CASCADE|0|0|11998061
CASE|0|0|32768
CAST|0|0|255
CHAIN|0|0|11998061
CHAR|0|0|255
CHARACTER|0|0|255
CHARACTERISTICS|0|0|11998061
CHECK|0|0|255
CHECKPOINT|0|0|16711680
CLASS|0|0|11998061
CLOSE|0|0|16711680
CLUSTER|0|0|16711680
COALESCE|0|0|11998061
COLLATE|0|0|11998061
COLUMN|0|0|255
COMMENT|0|0|16711680
COMMIT|0|0|16711680
COMMITTED|0|0|11998061
CONSTRAINT|0|0|255
CONSTRAINTS|0|0|11998061
CONVERSION|0|0|255
CONVERT|0|0|16711680
COPY|0|0|16711680
CREATE|0|0|16711680
CREATEDB|0|0|11998061
CREATEUSER|0|0|11998061
CROSS|0|0|32768
CURRENT_DATE|0|0|11998061
CURRENT_TIME|0|0|11998061
CURRENT_TIMESTAMP|0|0|11998061
CURRENT_USER|0|0|11998061
CURSOR|0|0|11998061
CYCLE|0|0|11998061
DATABASE|0|0|255
DAY|0|0|255
DEALLOCATE|0|0|11998061
DEC|0|0|255
DECIMAL|0|0|255
DECLARE|0|0|16711680
DEFAULT|0|0|11998061
DEFERRABLE|0|0|11998061
DEFERRED|0|0|11998061
DEFINER|0|0|11998061
DELETE|0|0|16711680
DELIMITER|0|0|11998061
DELIMITERS|0|0|11998061
DESC|0|0|11998061
DISTINCT|0|0|11998061
DO|0|0|16711680
DOMAIN|0|0|255
DOUBLE|0|0|255
DROP|0|0|16711680
EACH|0|0|11998061
ELSE|0|0|11998061
ENCODING|0|0|255
ENCRYPTED|0|0|11998061
END|0|0|11998061
ESCAPE|0|0|11998061
EXCEPT|0|0|32768
EXCLUSIVE|0|0|11998061
EXECUTE|0|0|16711680
EXISTS|0|0|32768
EXPLAIN|0|0|16711680
EXTERNAL|0|0|32768
EXTRACT|0|0|32768
FALSE|0|0|11998061
FETCH|0|0|16711680
FLOAT|0|0|255
FOR|0|0|11998061
FORCE|0|0|11998061
FOREIGN|0|0|255
FORWARD|0|0|16711680
FREEZE|0|0|11998061
FROM|0|0|11998061
FULL|0|0|11998061
FUNCTION|0|0|255
GET|0|0|16711680
GLOBAL|0|0|11998061
GRANT|0|0|16711680
GROUP|0|0|255
HANDLER|0|0|11998061
HAVING|0|0|32768
HOUR|0|0|255
ILIKE|0|0|32768
IMMEDIATE|0|0|11998061
IMMUTABLE|0|0|11998061
IMPLICIT|0|0|11998061
IN|0|0|32768
INCREMENT|0|0|11998061
INDEX|0|0|255
INHERITS|0|0|11998061
INITIALLY|0|0|11998061
INNER|0|0|32768
INOUT|0|0|11998061
INPUT|0|0|32768
INSENSITIVE|0|0|11998061
INSERT|0|0|16711680
INSTEAD|0|0|32768
INT|0|0|255
INTEGER|0|0|255
INTERSECT|0|0|32768
INTERVAL|0|0|255
INTO|0|0|11998061
INVOKER|0|0|11998061
IS|0|0|32768
ISNULL|0|0|32768
ISOLATION|0|0|11998061
JOIN|0|0|11998061
KEY|0|0|255
LANCOMPILER|0|0|11998061
LANGUAGE|0|0|255
LEADING|0|0|32768
LEFT|0|0|11998061
LEVEL|0|0|11998061
LIKE|0|0|32768
LIMIT|0|0|11998061
LISTEN|0|0|16711680
LOAD|0|0|16711680
LOCAL|0|0|11998061
LOCALTIME|0|0|11998061
LOCALTIMESTAMP|0|0|11998061
LOCATION|0|0|11998061
LOCK|0|0|16711680
MATCH|0|0|32768
MAXVALUE|0|0|32768
MINUTE|0|0|255
MINVALUE|0|0|32768
MODE|0|0|11998061
MONTH|0|0|255
MOVE|0|0|16711680
NAMES|0|0|11998061
NATIONAL|0|0|11998061
NATURAL|0|0|32768
NCHAR|0|0|255
NEW|0|0|11998061
NEXT|0|0|11998061
NO|0|0|11998061
NOCREATEDB|0|0|11998061
NOCREATEUSER|0|0|11998061
NONE|0|0|255
NOT|0|0|11998061
NOTHING|0|0|255
NOTIFY|0|0|16711680
NOTNULL|0|0|11998061
NULL|0|0|11998061
NULLIF|0|0|32768
NUMERIC|0|0|255
OF|0|0|32768
OFF|0|0|11998061
OFFSET|0|0|11998061
OIDS|0|0|255
OLD|0|0|11998061
ON|0|0|32768
ONLY|0|0|11998061
OPERATOR|0|0|255
OPTION|0|0|11998061
OR|0|0|32768
ORDER|0|0|11998061
OUT|0|0|32768
OUTER|0|0|11998061
OVERLAPS|0|0|32768
OVERLAY|0|0|32768
OWNER|0|0|11998061
PARTIAL|0|0|11998061
PASSWORD|0|0|11998061
PATH|0|0|11998061
PENDANT|0|0|11998061
PLACING|0|0|32768
POSITION|0|0|32768
PRECISION|0|0|32768
PREPARE|0|0|16711680
PRIMARY|0|0|255
PRIOR|0|0|11998061
PRIVILEGES|0|0|11998061
PROCEDURAL|0|0|255
PROCEDURE|0|0|255
READ|0|0|16711680
REAL|0|0|255
RECHECK|0|0|11998061
REFERENCES|0|0|11998061
REINDEX|0|0|16711680
RELATIVE|0|0|32768
RENAME|0|0|16711680
REPLACE|0|0|32768
RESET|0|0|16711680
RESTRICT|0|0|11998061
RETURNS|0|0|11998061
REVOKE|0|0|16711680
RIGHT|0|0|32768
ROLLBACK|0|0|16711680
ROW|0|0|11998061
RULE|0|0|255
SCHEMA|0|0|255
SCROLL|0|0|11998061
SECOND|0|0|32768
SECURITY|0|0|11998061
SELECT|0|0|16711680
SEQUENCE|0|0|255
SERIALIZABLE|0|0|11998061
SESSION|0|0|11998061
SESSION_USER|0|0|11998061
SET|0|0|16711680
SETOF|0|0|32768
SHARE|0|0|16711680
SHOW|0|0|16711680
SIMILAR|0|0|32768
SIMPLE|0|0|11998061
SMALLINT|0|0|255
SOME|0|0|32768
STABLE|0|0|11998061
START|0|0|11998061
STATEMENT|0|0|11998061
STATISTICS|0|0|11998061
STDIN|0|0|11998061
STDOUT|0|0|11998061
STORAGE|0|0|11998061
STRICT|0|0|11998061
SUBSTRING|0|0|32768
SYSID|0|0|11998061
TABLE|0|0|255
TEMP|0|0|255
TEMPLATE|0|0|11998061
TEMPORARY|0|0|11998061
THEN|0|0|32768
TIME|0|0|255
TIMESTAMP|0|0|255
TO|0|0|11998061
TOAST|0|0|11998061
TRAILING|0|0|11998061
TRANSACTION|0|0|255
TREAT|0|0|11998061
TRIGGER|0|0|255
TRIM|0|0|32768
TRUE|0|0|11998061
TRUNCATE|0|0|16711680
TRUSTED|0|0|11998061
TYPE|0|0|255
UNENCRYPTED|0|0|11998061
UNION|0|0|11998061
UNIQUE|0|0|11998061
UNKNOWN|0|0|11998061
UNLISTEN|0|0|16711680
UNTIL|0|0|11998061
UPDATE|0|0|16711680
USAGE|0|0|11998061
USER|0|0|255
USING|0|0|11998061
VACUUM|0|0|16711680
VALID|0|0|11998061
VALIDATOR|0|0|11998061
VALUES|0|0|11998061
VARCHAR|0|0|255
VARYING|0|0|255
VERBOSE|0|0|11998061
VERSION|0|0|11998061
VIEW|0|0|255
VOLATILE|0|0|11998061
WHEN|0|0|11998061
WHERE|0|0|11998061
WITH|0|0|32768
WITHOUT|0|0|32768
WORK|0|0|11998061
WRITE|0|0|16711680
YEAR|0|0|255
ZONE|0|0|255
